a=-0.0002
b=20.0341E-12
c=1+3i
