A = [1 2 3 4; 3 4 5 6; 2 3 5 0; 3 5 2 1];
b = [1; 2; 4; 6];
x = A\b
